Losujesz Podstawe:

0 - woj, dużo KP, dużo hapsów, 2 dobre rzuty obronne, dobry atak, średni dmg, 1 zdolność specjalna
1 - półwoj, średnio KP, średnio hapsów, 2 dobre rzuty obronne, średni atak, dobry dmg, 2 zdolności specjalne
3 - mag, mało KP, mało hapsów, 1 dobry rzut obronny, średni atak, słaby dmg, 4 zdolności specjalne

poziom dużo hp średnio hp mało hp
0	8	5	3
1	13	10	7
2	20	16	11
3	28	23	16
4	35	29	20
5	43	36	25
6	50	42	29
7	58	49	34
8	73	55	38
9	81	62	43
10	90	68	47
11	98	75	52
12	107	81	56
13	115	88	61
14	124	94	65
15	132	101	70
16	141	107	74
17	149	114	79
18	158	120	83
19	166	126	88
20	175	133	92

poziom kp/dotyk/nieprzygotowany dużo
0	14	12	12
1	16	13	13
2	17	14	14
3	17	14	14
4	17	14	17
5	18	15	18
6	18	15	18
7	18	15	18
8	19	16	19
9	20	17	20
10	20	17	20
11	21	18	21
12	22	19	22
13	24	21	24
14	24	21	24
15	24	21	24
16	24	21	24
17	26	22	26
18	28	24	28
19	29	25	29
20	29	25	29

poziom kp/dotyk/nieprzygotowany średnio
0	14	13	11
1	15	14	11
2	15	14	11
3	16	14	12
4	17	15	17
5	17	15	17
6	17	15	17
7	19	16	19
8	19	16	19
9	19	16	19
10	19	16	19
11	19	16	19
12	22	17	22
13	22	17	22
14	22	17	22
15	22	17	22
16	22	17	22
17	24	17	24
18	24	17	24
19	25	18	25
20	26	18	26

poziom kp/dotyk/nieprzygotowany mało
0	11	11	10
1	12	12	10
2	12	12	10
3	12	12	10
4	13	12	11
5	13	12	11
6	13	12	11
7	14	13	12
8	14	13	12
9	15	13	13
10	15	13	13
11	16	14	13
12	17	14	14
13	18	14	14
14	19	15	15
15	19	15	15
16	19	15	15
17	21	16	16
18	22	17	17
19	22	18	17
20	22	19	19


poziom rzutObronnyDobry rzutObronnySlaby
0	3	1
1	4	1
2	5	1
3	5	2
4	7	2
5	7	2
6	8	3
7	8	3
8	9	3
9	9	4
10	10	4
11	10	4
12	13	5
13	13	5
14	14	5
15	14	6
16	15	6
17	16	6
18	17	7
19	18	7
20	20	7

poziom dobryAtak średnioAtak słabyAtak
0	3	2	1
1	4	3	2
2	5	4	3
3	6	5	4
4	8	5	5
5	9	6	5
6	10	7	6
7	11	7	7
8	12	8	8
9	13	9	8
10	14	10	9
11	15	11	10
12	16	12	11
13	17	13	11
14	19	14	12
15	21	16	13
16	24	16	14
17	26	17	14
18	27	18	15
19	30	19	16
20	31	20	17

Inicjatywa
+1

poziom dobryDmg średniDmg słabyDmg
0	2k6	1k8	1k6
1	2k6+3	1k8	1k6
2	2k6+3	1k8	1k6
3	2k6+3	1k8	1k6
4	2k6+4	1k8	1k6
5	2k6+4	1k8	1k6+1
6	2k6+4	1k8+1	1k6+1
7	2k6+5	1k8+1	1k6+1
8	2k6+7	1k8+1	1k6+1
9	2k6+7	1k8+1	1k6+2
10	2k6+7	1k8+2	1k6+2
11	2k6+7	1k8+2	1k6+2
12	2k6+8	1k8+2	1k6+2
13	2k6+9	1k8+2	1k6+2
14	2k6+10	2k6+2	1k6+2
15	2k6+11	2k6+2	1k6+3
16	2k6+13	2k6+2	1k6+3
17	2k6+14	3k6+2	1k6+3
18	2k6+14	3k6+2	1k6+3
19	2k6+15	3k6+2	1k6+3
20	2k6+18	3k6+2	1k6+4

